1636464296.6996226	(0.0, 0.0)	(0.0, 0.0)	0.0	0.0
1636464297.4577801	(103.9252954557177, 58.251977007461335)	(0.0, 0.0)	-96.0	0.0
1636464298.1946936	(48.98793669105869, 39.57345263701371)	(0.0, 0.0)	-99.0	0.0
1636464298.9459574	(71.52603473383594, 22.48950926961354)	(0.0, 0.0)	-98.0	0.0
1636464299.6911788	(72.19567759097878, 21.113548120281283)	(0.0, 0.0)	-98.0	0.0
1636464300.44997	(97.94352251881293, 31.0963161968476)	(0.0, 0.0)	-97.0	0.0
1636464301.2077296	(47.37057474144418, 46.056447325956334)	(0.0, 0.0)	-93.0	0.0
1636464301.9513252	(48.04021759858707, 45.71245703862322)	(0.0, 0.0)	-93.0	0.0
1636464302.666466	(64.34692031156142, 22.403341032415444)	(0.0, 0.0)	-92.0	0.0
1636464303.4436748	(47.705396170015696, 44.33649588929091)	(0.0, 0.0)	-93.0	0.0
1636464304.2041016	(57.124692137812346, 71.0642290616232)	(0.0, 0.0)	-94.0	0.0
1636464304.9645078	(104.26011688428918, 58.25197700746132)	(0.0, 0.0)	-96.0	0.0
1636464305.7147017	(48.3750390271585, 45.36846675129018)	(0.0, 0.0)	-93.0	0.0
1636464306.447947	(48.70986045572996, 45.024476463957065)	(0.0, 0.0)	-93.0	0.0
1636464307.1659849	(65.01656316870428, 23.091321607081557)	(0.0, 0.0)	-92.0	0.0
1636464307.9028862	(85.31102480700498, 77.26975095025733)	(0.0, 0.0)	-95.0	0.0
1636464308.6667838	(84.97620337843355, 77.61374123759038)	(0.0, 0.0)	-95.0	0.0
1636464309.434599	(48.04021759858707, 45.71245703862322)	(0.0, 0.0)	-93.0	0.0
1636464310.195526	(84.30656052129072, 77.61374123759038)	(0.0, 0.0)	-95.0	0.0
1636464310.9537773	(103.59047402714629, 58.939957582127434)	(0.0, 0.0)	-96.0	0.0
1636464311.6846132	(103.92529545571776, 58.93995758212742)	(0.0, 0.0)	-96.0	0.0
1636464312.415722	(48.040217598587084, 46.74442790062242)	(0.0, 0.0)	-93.0	0.0
1636464313.1972744	(48.04021759858707, 46.40043761328939)	(0.0, 0.0)	-93.0	0.0
1636464313.9620342	(47.70539617001567, 46.74442790062239)	(0.0, 0.0)	-93.0	0.0
1636464314.7144282	(47.70539617001567, 46.74442790062239)	(0.0, 0.0)	0.0	0.0
1636464315.476568	(47.37057474144422, 47.088418187955504)	(0.0, 0.0)	-93.0	0.0
1636464316.2304022	(47.70539617001565, 46.40043761328938)	(0.0, 0.0)	-93.0	0.0
1636464316.9685843	(47.70539617001565, 46.40043761328938)	(0.0, 0.0)	-93.0	0.0
1636464317.7397661	(104.2601168842892, 58.93995758212739)	(0.0, 0.0)	-96.0	0.0
1636464318.4951854	(47.705396170015696, 47.08841818795546)	(0.0, 0.0)	-93.0	0.0
1636464319.240927	(104.26011688428923, 59.28394786946046)	(0.0, 0.0)	-96.0	0.0
1636464320.0061798	(104.26011688428923, 59.28394786946046)	(0.0, 0.0)	-96.0	0.0
1636464320.73013	(103.92529545571776, 58.93995758212742)	(0.0, 0.0)	-96.0	0.0
1636464321.498912	(103.92529545571776, 58.93995758212742)	(0.0, 0.0)	-96.0	0.0
1636464322.260645	(50.327222405344344, 39.22946234968072)	(0.0, 0.0)	-99.0	0.0
1636464323.0228858	(104.26011688428923, 59.28394786946046)	(0.0, 0.0)	-96.0	0.0
1636464323.783673	(104.2601168842892, 58.93995758212739)	(0.0, 0.0)	-96.0	0.0
1636464324.5254953	(104.2601168842892, 59.97192844412659)	(0.0, 0.0)	-96.0	0.0
1636464325.2374701	(104.26011688428918, 60.315918731459675)	(0.0, 0.0)	-96.0	0.0
1636464326.0094137	(97.94352251881296, 32.47227734617984)	(0.0, 0.0)	-97.0	0.0
1636464326.7806313	(98.27834394738443, 32.81626763351285)	(0.0, 0.0)	-97.0	0.0
1636464327.551077	(71.86085616240736, 23.865470418945808)	(0.0, 0.0)	-98.0	0.0
1636464328.308918	(104.2601168842892, 59.97192844412659)	(0.0, 0.0)	-96.0	0.0
1636464329.0587833	(104.2601168842892, 59.62793815679353)	(0.0, 0.0)	-96.0	0.0
1636464329.7886546	(84.64138194986215, 78.64571209958956)	(0.0, 0.0)	-95.0	0.0
1636464330.5612743	(84.3065605212907, 78.98970238692266)	(0.0, 0.0)	-95.0	0.0
1636464331.3271885	(65.35138459727573, 74.45461121363881)	(0.0, 0.0)	-88.0	0.0
1636464332.0891442	(106.41417094777, 54.07800473167146)	(0.0, 0.0)	-77.0	0.0
1636464332.8609786	(83.72877218517003, 70.2767836915171)	(0.0, 0.0)	-76.0	0.0
1636464333.62198	(54.760675656782865, 26.46053873524027)	(0.0, 0.0)	-80.0	0.0
1636464334.363589	(79.22209524165346, 13.237434961061592)	(0.0, 0.0)	-79.0	0.0
1636464335.0915866	(58.46397785209811, 22.6978105984335)	(0.0, 0.0)	-86.0	0.0
1636464335.8536134	(48.04021759858713, 49.76953405809869)	(0.0, 0.0)	-87.0	0.0
1636464336.6284196	(64.01209888299002, 20.68338959575009)	(0.0, 0.0)	-92.0	0.0
1636464337.3740907	(46.700931884301376, 44.33649588929092)	(0.0, 0.0)	-93.0	0.0
1636464338.105576	(48.31829383391583, 38.197491487681454)	(0.0, 0.0)	-99.0	0.0
1636464338.8270388	(82.63245337843355, 76.92576066292426)	(0.0, 0.0)	-95.0	0.0
1636464339.591919	(46.366110455729945, 45.024476463957065)	(0.0, 0.0)	-93.0	0.0
1636464340.3587656	(47.03575331287275, 45.02447646395712)	(0.0, 0.0)	-93.0	0.0
1636464341.11677	(47.70539617001564, 44.680486176624065)	(0.0, 0.0)	-93.0	0.0
1636464341.8652384	(47.70539617001564, 44.680486176624065)	(0.0, 0.0)	-93.0	0.0
1636464342.588995	(64.01209888298997, 22.403341032415472)	(0.0, 0.0)	-92.0	0.0
1636464343.3630142	(47.03575331287278, 44.68048617662408)	(0.0, 0.0)	-93.0	0.0
1636464344.1243296	(47.03575331287278, 44.68048617662408)	(0.0, 0.0)	-93.0	0.0
1636464344.8901095	(47.370574741444194, 44.68048617662409)	(0.0, 0.0)	-93.0	0.0
1636464345.6424384	(47.370574741444194, 44.68048617662409)	(0.0, 0.0)	-93.0	0.0
1636464346.3946116	(47.03575331287275, 45.02447646395712)	(0.0, 0.0)	-93.0	0.0
1636464347.1365438	(104.41071428571423, 49.46094698502637)	(0.0, 0.0)	-90.0	0.0
1636464347.9232469	(104.74553571428574, 49.46094698502627)	(0.0, 0.0)	-90.0	0.0
1636464348.6422231	(47.37057474144422, 45.368466751290164)	(0.0, 0.0)	-93.0	0.0
1636464349.400356	(64.01209888299, 23.091321607081543)	(0.0, 0.0)	-92.0	0.0
1636464350.1647828	(64.01209888299, 23.091321607081543)	(0.0, 0.0)	0.0	0.0
1636464350.8999562	(47.37057474144422, 45.368466751290164)	(0.0, 0.0)	-93.0	0.0
1636464351.6250315	(104.74553571428574, 49.46094698502627)	(0.0, 0.0)	-90.0	0.0
1636464352.3493066	(104.74553571428574, 49.46094698502627)	(0.0, 0.0)	-90.0	0.0
1636464353.1170108	(47.035753312872764, 45.71245703862322)	(0.0, 0.0)	-93.0	0.0
1636464353.878863	(47.035753312872764, 45.71245703862322)	(0.0, 0.0)	-93.0	0.0
1636464354.6412034	(63.34245602584718, 23.779302181747628)	(0.0, 0.0)	-92.0	0.0
1636464355.3741803	(63.67727745441861, 23.779302181747628)	(0.0, 0.0)	-92.0	0.0
1636464356.0948527	(47.37057474144418, 46.056447325956334)	(0.0, 0.0)	-93.0	0.0
1636464356.8587692	(47.70539617001564, 46.05644732595632)	(0.0, 0.0)	-93.0	0.0
1636464357.633489	(84.30656052129072, 77.61374123759038)	(0.0, 0.0)	-95.0	0.0
1636464358.4068284	(84.30656052129066, 77.9577315249235)	(0.0, 0.0)	-95.0	0.0
1636464359.1709654	(84.30656052129066, 77.9577315249235)	(0.0, 0.0)	-95.0	0.0
1636464359.8987827	(47.03575331287279, 46.40043761328939)	(0.0, 0.0)	-93.0	0.0
1636464360.6143012	(47.03575331287279, 46.40043761328939)	(0.0, 0.0)	-93.0	0.0
1636464361.3805702	(63.67727745441855, 24.467282756413812)	(0.0, 0.0)	-92.0	0.0
1636464362.136184	(47.37057474144422, 46.74442790062242)	(0.0, 0.0)	-93.0	0.0
1636464362.897596	(47.70539617001565, 46.40043761328938)	(0.0, 0.0)	-93.0	0.0
1636464363.6354578	(47.37057474144424, 46.40043761328935)	(0.0, 0.0)	-93.0	0.0
1636464364.3699398	(47.37057474144424, 46.40043761328935)	(0.0, 0.0)	-93.0	0.0
1636464365.143166	(47.70539617001565, 46.40043761328938)	(0.0, 0.0)	-93.0	0.0
1636464365.9019752	(47.37057474144418, 46.056447325956334)	(0.0, 0.0)	-93.0	0.0
1636464366.642302	(47.03575331287282, 46.05644732595625)	(0.0, 0.0)	-93.0	0.0
1636464367.3747635	(83.9717390927193, 77.95773152492342)	(0.0, 0.0)	-95.0	0.0
1636464368.0956247	(47.03575331287282, 46.05644732595625)	(0.0, 0.0)	-93.0	0.0
1636464368.8784401	(47.03575331287282, 46.05644732595625)	(0.0, 0.0)	-93.0	0.0
1636464369.636623	(83.9717390927193, 77.95773152492342)	(0.0, 0.0)	-95.0	0.0
1636464370.3834603	(83.9717390927193, 77.95773152492342)	(0.0, 0.0)	0.0	0.0
1636464371.1336055	(47.37057474144424, 45.71245703862321)	(0.0, 0.0)	-93.0	0.0
1636464371.8461692	(47.37057474144418, 46.056447325956334)	(0.0, 0.0)	-93.0	0.0
1636464372.5804281	(84.30656052129066, 77.9577315249235)	(0.0, 0.0)	-95.0	0.0
1636464373.3169398	(64.01209888298996, 23.779302181747713)	(0.0, 0.0)	-92.0	0.0
1636464374.080371	(84.30656052129066, 77.9577315249235)	(0.0, 0.0)	-95.0	0.0
1636464374.8586283	(47.70539617001565, 46.40043761328938)	(0.0, 0.0)	-93.0	0.0
1636464375.620665	(48.040217598587056, 47.08841818795552)	(0.0, 0.0)	-93.0	0.0
1636464376.3664324	(48.37503902715853, 47.43240847528852)	(0.0, 0.0)	-93.0	0.0
1636464377.0915275	(48.040217598587056, 47.08841818795552)	(0.0, 0.0)	-93.0	0.0
1636464377.8695283	(64.01209888298996, 23.779302181747713)	(0.0, 0.0)	-92.0	0.0
1636464378.6294053	(65.01656316870428, 74.79860150097191)	(0.0, 0.0)	-88.0	0.0
1636464379.3751826	(92.75358829874747, 73.51961525712224)	(0.0, 0.0)	-89.0	0.0
1636464380.1317637	(105.74999999999997, 49.460946985026325)	(0.0, 0.0)	-90.0	0.0
1636464380.8696299	(105.74999999999997, 49.460946985026325)	(0.0, 0.0)	-90.0	0.0
1636464381.6218796	(106.08482142857142, 49.11695669769324)	(0.0, 0.0)	-90.0	0.0
1636464382.373661	(65.01656316870428, 75.48658207563801)	(0.0, 0.0)	-88.0	0.0
1636464383.1270447	(64.68174174013288, 75.14259178830493)	(0.0, 0.0)	-88.0	0.0
1636464383.8757513	(92.41876687017603, 73.86360554445533)	(0.0, 0.0)	-89.0	0.0
1636464384.601925	(92.41876687017603, 73.86360554445533)	(0.0, 0.0)	-89.0	0.0
1636464385.3277714	(106.08482142857142, 49.460946985026325)	(0.0, 0.0)	-90.0	0.0
1636464386.0994325	(106.08482142857142, 50.14892755969244)	(0.0, 0.0)	-90.0	0.0
1636464386.8613968	(48.04021759858707, 45.71245703862322)	(0.0, 0.0)	-93.0	0.0
1636464387.6100616	(64.68174174013285, 23.4353118944146)	(0.0, 0.0)	-92.0	0.0
1636464388.3604748	(64.68174174013285, 23.4353118944146)	(0.0, 0.0)	-92.0	0.0
1636464389.079875	(65.35138459727573, 23.43531189441457)	(0.0, 0.0)	-92.0	0.0
1636464389.8391864	(65.68620602584714, 75.48658207563801)	(0.0, 0.0)	-88.0	0.0
1636464390.6009414	(65.68620602584714, 75.48658207563801)	(0.0, 0.0)	0.0	0.0
1636464391.3496034	(65.68620602584714, 75.48658207563801)	(0.0, 0.0)	0.0	0.0
1636464392.1065428	(162.8289076603851, 75.34127022703085)	(0.0, 0.0)	-102.0	0.0
1636464392.8488908	(111.3454970853543, 70.74140379814703)	(0.0, 0.0)	-100.0	0.0
1636464393.5980577	(165.53243831286062, 63.06784103012416)	(0.0, 0.0)	-96.0	0.0
1636464394.3685741	(164.52797402714637, 64.78779246678948)	(0.0, 0.0)	-96.0	0.0
1636464395.1226907	(132.12871330526448, 29.025324728941744)	(0.0, 0.0)	-98.0	0.0
1636464395.8696918	(164.52797402714634, 65.81976332878867)	(0.0, 0.0)	-96.0	0.0
1636464396.5926566	(164.86279545571776, 65.13178275412254)	(0.0, 0.0)	-96.0	0.0
1636464397.3069475	(108.64289617001569, 52.5922627852845)	(0.0, 0.0)	-93.0	0.0
1636464398.0402622	(108.6428961700156, 52.24827249795143)	(0.0, 0.0)	-93.0	0.0
1636464398.8035514	(125.61924174013286, 29.627137066409748)	(0.0, 0.0)	-92.0	0.0
1636464399.5650108	(125.28442031156142, 29.627137066409755)	(0.0, 0.0)	-92.0	0.0
1636464400.3130205	(144.90923909271928, 84.83753727158471)	(0.0, 0.0)	-95.0	0.0
1636464401.0439916	(163.52350974143204, 65.47577304145562)	(0.0, 0.0)	-96.0	0.0
1636464401.7643332	(144.2395962355764, 85.1815275589178)	(0.0, 0.0)	-95.0	0.0
1636464402.5317824	(144.57441766414786, 84.14955669691858)	(0.0, 0.0)	-95.0	0.0
1636464403.293538	(144.57441766414786, 84.14955669691858)	(0.0, 0.0)	-95.0	0.0
1636464404.0457673	(164.52797402714629, 64.44380217945643)	(0.0, 0.0)	-96.0	0.0
1636464404.7803833	(107.63843188430138, 52.5922627852845)	(0.0, 0.0)	-93.0	0.0
1636464405.4987433	(107.30361045572994, 52.936253072617546)	(0.0, 0.0)	-93.0	0.0
1636464406.291231	(107.30361045572994, 53.280243359950624)	(0.0, 0.0)	-93.0	0.0
1636464407.0521228	(143.90477480700497, 85.1815275589178)	(0.0, 0.0)	-95.0	0.0
1636464407.818634	(143.90477480700497, 85.52551784625084)	(0.0, 0.0)	-95.0	0.0
1636464408.566987	(164.1931525985749, 65.47577304145562)	(0.0, 0.0)	-96.0	0.0
1636464409.3366537	(107.97325331287283, 52.59226278528449)	(0.0, 0.0)	-93.0	0.0
1636464410.0529451	(107.97325331287274, 52.24827249795143)	(0.0, 0.0)	-93.0	0.0
1636464410.807307	(107.9732533128728, 51.90428221061837)	(0.0, 0.0)	-93.0	0.0
1636464411.5597434	(164.19315259857493, 64.7877924667895)	(0.0, 0.0)	-96.0	0.0
1636464412.3145657	(163.85833117000348, 65.13178275412254)	(0.0, 0.0)	-96.0	0.0
1636464413.0309072	(163.85833117000348, 64.7877924667895)	(0.0, 0.0)	-96.0	0.0
1636464413.7560327	(144.2395962355764, 84.83753727158471)	(0.0, 0.0)	-95.0	0.0
1636464414.5228617	(144.57441766414786, 84.8375372715847)	(0.0, 0.0)	-95.0	0.0
1636464415.2725723	(144.57441766414786, 84.8375372715847)	(0.0, 0.0)	-95.0	0.0
1636464416.0317163	(144.57441766414786, 84.49354698425165)	(0.0, 0.0)	-95.0	0.0
1636464416.780075	(144.9092390927193, 84.49354698425165)	(0.0, 0.0)	-95.0	0.0
1636464417.5122888	(145.24406052129075, 84.14955669691855)	(0.0, 0.0)	-95.0	0.0
1636464418.273668	(145.24406052129075, 84.14955669691855)	(0.0, 0.0)	-95.0	0.0
1636464419.031422	(164.86279545571776, 64.7877924667895)	(0.0, 0.0)	-96.0	0.0
1636464419.776238	(145.2440605212907, 84.83753727158471)	(0.0, 0.0)	-95.0	0.0
1636464420.5197656	(144.57441766414783, 85.52551784625084)	(0.0, 0.0)	-95.0	0.0
1636464421.253141	(144.57441766414783, 85.52551784625084)	(0.0, 0.0)	0.0	0.0
1636464422.011241	(144.57441766414783, 85.1815275589178)	(0.0, 0.0)	-95.0	0.0
1636464422.7694662	(164.52797402714634, 65.13178275412254)	(0.0, 0.0)	-96.0	0.0
1636464423.5272877	(164.1931525985749, 65.47577304145562)	(0.0, 0.0)	-96.0	0.0
1636464424.2716365	(163.52350974143204, 65.47577304145562)	(0.0, 0.0)	-96.0	0.0
1636464424.9974651	(143.90477480700497, 85.52551784625084)	(0.0, 0.0)	-95.0	0.0
1636464425.7522836	(144.57441766414786, 85.8695081335839)	(0.0, 0.0)	-95.0	0.0
1636464426.5041244	(108.30807474144422, 52.936253072617546)	(0.0, 0.0)	-93.0	0.0
1636464427.2512496	(132.79835616240734, 28.337344154275623)	(0.0, 0.0)	-98.0	0.0
1636464427.985201	(164.86279545571776, 65.13178275412254)	(0.0, 0.0)	-96.0	0.0
1636464428.6947458	(132.1287133052645, 28.337344154275616)	(0.0, 0.0)	-98.0	0.0
1636464429.4615915	(131.79389187669307, 28.6813344416087)	(0.0, 0.0)	-98.0	0.0
1636464430.224759	(163.85833117000348, 65.47577304145562)	(0.0, 0.0)	-96.0	0.0
1636464430.972737	(163.85833117000348, 65.47577304145562)	(0.0, 0.0)	-96.0	0.0
1636464431.7222054	(163.85833117000348, 65.81976332878865)	(0.0, 0.0)	-96.0	0.0
1636464432.4672222	(144.2395962355764, 84.83753727158471)	(0.0, 0.0)	-95.0	0.0
1636464433.2409008	(144.57441766414786, 84.8375372715847)	(0.0, 0.0)	-95.0	0.0
1636464434.0029633	(144.9092390927193, 84.49354698425165)	(0.0, 0.0)	-95.0	0.0
1636464434.7631981	(144.57441766414786, 84.49354698425165)	(0.0, 0.0)	-95.0	0.0
1636464435.521375	(164.52797402714637, 64.78779246678948)	(0.0, 0.0)	-96.0	0.0
1636464436.2725785	(107.97325331287274, 52.24827249795143)	(0.0, 0.0)	-93.0	0.0
1636464436.985584	(164.52797402714634, 65.13178275412254)	(0.0, 0.0)	-96.0	0.0
1636464437.759021	(144.9092390927193, 84.49354698425165)	(0.0, 0.0)	-95.0	0.0
1636464438.512831	(107.30361045572994, 52.936253072617546)	(0.0, 0.0)	-93.0	0.0
1636464439.2576888	(144.2395962355764, 84.83753727158471)	(0.0, 0.0)	-95.0	0.0
1636464439.9969747	(144.57441766414786, 84.8375372715847)	(0.0, 0.0)	-95.0	0.0
1636464440.7072802	(164.52797402714637, 64.78779246678948)	(0.0, 0.0)	-96.0	0.0
1636464441.466236	(107.9732533128728, 51.90428221061837)	(0.0, 0.0)	-93.0	0.0
1636464442.2127461	(108.30807474144427, 52.2482724979514)	(0.0, 0.0)	-93.0	0.0
1636464442.958144	(107.97325331287283, 52.59226278528449)	(0.0, 0.0)	-93.0	0.0
1636464443.691638	(144.90923909271922, 84.1495566969186)	(0.0, 0.0)	-95.0	0.0
1636464444.4042	(107.9732533128728, 51.90428221061837)	(0.0, 0.0)	-93.0	0.0
1636464445.1464877	(144.9092390927193, 80.70965382358793)	(0.0, 0.0)	-95.0	0.0
1636464445.89744	(161.82444337467086, 69.49343534236876)	(0.0, 0.0)	-102.0	0.0
1636464446.642354	(137.48102381308206, 83.27652699765959)	(0.0, 0.0)	-101.0	0.0
1636464447.374728	(112.68478279963999, 73.49332609681156)	(0.0, 0.0)	-100.0	0.0
1636464448.0904696	(131.45907044812162, 30.745276165607084)	(0.0, 0.0)	-98.0	0.0
1636464448.8422499	(164.19315259857487, 66.85173419078788)	(0.0, 0.0)	-96.0	0.0
1636464449.5941298	(163.18868831286062, 66.16375361612174)	(0.0, 0.0)	-96.0	0.0
1636464450.3393884	(108.92097240534437, 46.10926809634195)	(0.0, 0.0)	-99.0	0.0
1636464451.077175	(164.52797402714634, 65.81976332878867)	(0.0, 0.0)	-96.0	0.0
1636464451.8048089	(145.24406052129072, 85.18152755891778)	(0.0, 0.0)	-95.0	0.0
1636464452.5638332	(145.24406052129072, 85.18152755891778)	(0.0, 0.0)	-95.0	0.0
